0.5
0.6666666666666666
1.0
0.6666666666666666
0.6666666666666666
6.0
1.0
1.0
1.3333333333333333
1.0
2.0
2.0
2.0
1.0
0.5
1.0
0.5
4.0
1.0
2.0
0.5
0.6666666666666666
1.0
0.5
0.5
1.5
0.5
0.3333333333333333
1.0
6.0
2.0
0.6666666666666666
1.0
0.6666666666666666
0.6666666666666666
4.0
0.6666666666666666
1.0
0.3333333333333333
1.0
2.0
8.0
0.5
1.0
1.5
0.3333333333333333
0.3333333333333333
0.5
2.0
0.3333333333333333
2.0
4.0
3.0
1.0
2.0
1.0
1.5
1.3333333333333333
3.0
1.0
1.5
1.0
0.5
2.0
1.0
2.0
0.5
1.0
1.0
0.3333333333333333
3.0
0.3333333333333333
4.0
0.5
4.0
4.0
0.5
0.3333333333333333
4.0
2.0
0.6666666666666666
0.5
0.6666666666666666
4.0
1.0
4.0
1.0
1.0
0.3333333333333333
0.5
1.3333333333333333
0.6666666666666666
0.6666666666666666
2.0
6.0
3.0
0.3333333333333333
2.0
0.5
0.3333333333333333
